36,4
45,3
10,129
10,4
10,72
10,130
10,245
10,227
10,184
11,8
11,9
11,11
8,13
57,4
57,3
57,2
57,1
57,0
56,4
56,3
56,2
56,1
56,0
55,5
55,4
55,3
55,2
55,1
55,0
53,4
53,3
53,2
53,1
53,0
49,3
49,2
49,1
49,0
48,3
48,2
48,1
48,0
47,3
47,2
47,1
47,0
46,3
46,2
46,1
46,0
45,5
45,1
45,4
36,3
36,1
35,4
35,3
35,1
28,4
28,3
28,1
25,3
25,1
20,3
20,2
20,1
19,3
19,2
19,1
18,3
18,1
14,1
14,3
13,3
13,1
12,3
12,2
12,1
11,27
11,24
11,23
11,20
11,19
11,16
11,12
11,7
11,3
11,2
11,1
10,281
10,234
10,220
10,212
10,191
10,121
10,99
10,73
10,66
10,3
10,2
10,1
9,7
9,5
9,3
9,2
9,1
8,16
8,14
8,10
